CloneID	Gene	Barcode	Control	AM-T0-A	AM-T0-B	AM-T0-C	AM-T0-D	AM-T55-A	AM-T55-B	AM-T55-C	AM-T55-D	KY0-A	KY0-B	KY0-C	KY0-D	KY52-EN-A	KY52-EN-B	KY52-EN-C	KY52-EN-D	KY52-F12-A	KY52-F12-B	KY52-F12-C	KY52-F12-D
Total read pairs				1688372	1148526	838566	1075132	1027166	1783600	1667134	1383038	833258	977991	709670	1011114	478884	510374	643165	507477	520052	592310	516025	613264
BRDN0000559466	eGFP	ATCGATTTTGTATTTGGAGGCCCT	Yes	641	406	290	1980	340	607	515	460	222012	312989	234449	337507	187590	101659	151463	189263	46408	66463	153683	176254
TRCN0000488331	CDK6	TGACTTACCTACCTTGAGTTTCTC	No	20963	13061	8373	11550	48461	164496	104151	41427	29	29	1994	43	20	29	8326	221	174	364	660	618
BRDN0000559468	Luciferase	CTAATATACAACCGATTAATCATC	Yes	30261	23712	17701	21170	13320	62323	16751	22973	20617	26366	22762	25075	44865	18554	17000	6306	8388	11941	4820	3382
TRCN0000468818	LETM2	ATACTTCATATCTTTGCAGCCACA	No	35501	23151	19375	21207	43294	49835	53643	54341	5173	7450	4668	8396	16	27	2661	450	3844	153	502	3380
BRDN0000559460	BFP	TAGAGATTGGGTTCAACCTGGAAG	Yes	25657	18199	14388	15364	8153	25997	18379	7445	3556	6355	4495	4896	922	46181	11889	1059	7373	5669	3250	44388
TRCN0000470305	UQCRFS1	TCGTATCTCCCTGAGTACGTGAAC	No	35391	27169	16516	31886	26404	24780	69474	19509	25	33	27	31	14	14	1386	357	6	20	216	273
TRCN0000474766	DDHD2	ATAGAGACATGGTCAGGCCTATTG	No	25241	17858	14017	15824	13236	39579	47061	41600	3588	5634	3140	4957	107	24	3566	257	18	1302	88	196
TRCN0000465805	ZFP36	GAAAACATACACAAGTGTTAAGTA	No	33474	24705	21837	29655	16686	28420	34696	44343	20	30	22	51	14	10	1099	17	523	14	15	247
TRCN0000467090	FAM167A	TTTGCATTTCGGACCAAGTGCCTA	No	42163	26400	17469	20735	19641	40330	33143	22304	18	30	18	37	15	16	4252	483	769	10	330	114
TRCN0000488513	ERBB2	ATAGCCGACTATGTACGGTATTTA	No	98	63	61	56	58	106	114	67	1661	2099	444	4989	2122	38	1581	11116	186934	261	362	3535
TRCN0000465333	MTERF1	GGTATGAGCGCGGTGGTCAGGCCT	No	34174	23906	17259	17922	17315	16480	54592	24294	17	25	474	27	80	236	195	370	249	427	11	31
TRCN0000479002	RPS6KB1	ATGGCACAGCTAGAATGACTTCCC	No	29696	24198	14194	17083	24608	63907	15577	9343	19	24	416	23	16	15	3497	15	8	9	460	102
BRDN0000559463	HcRed	TGCTATCACCACCGTACAGGTCCC	Yes	23179	20108	13267	14264	14048	45324	21789	14268	4912	5069	3554	7240	9680	18	1288	571	1357	529	15	484
TRCN0000474846	XRCC6BP1	GCATACCGGTTGAGACATCATGGT	No	27935	19331	14763	18386	7045	35062	33484	42181	13	27	561	29	10	11	913	18	12	629	6	20
TRCN0000481178	RPS6KB1	ACCACACGATGAGTAGACCGGCCA	No	26380	17509	12767	17883	21806	24691	35063	36135	9	26	386	22	20	14	549	8	877	194	12	17
TRCN0000478028	EID2B	CCCGGAGACGGTTGACGTGTGTAA	No	34424	20199	17012	21980	21217	27989	22466	26472	12	21	27	21	7	11	731	402	16	478	14	18
TRCN0000480318	WHSC1L1	ACTCGGGTCACATCCTCTCAATCT	No	12575	8121	4946	4719	37934	22416	19625	4163	6430	7861	2837	7840	135	213	645	3654	40	884	240	42044
TRCN0000466540	TUBD1	GCCACGATGATCTTTTGGCCACAT	No	27525	20855	14555	15876	16431	44386	23817	17125	12	208	967	147	7	12	3755	280	12	11	11	439
TRCN0000473192	FDFT1	CGCGACCCTGCGAGAGAAAGAGTA	No	29067	16008	18673	18651	23183	22998	42001	7175	15	15	19	23	12	12	775	13	32	368	9	18
TRCN0000467929	CYP51A1	AGACCACCGGCCTGCAGGCATATC	No	30377	17822	15098	16687	15365	21682	12026	46269	45	19	477	26	15	15	1846	12	9	577	557	13
TRCN0000465314	FAM86B1	AGCCAGTACTCTATTCCGAAGGCA	No	33239	19073	15329	21087	10612	19583	25666	28776	14	23	17	27	12	10	893	13	384	16	14	16
TRCN0000468527	SERTAD3	TACGCTCCTTCCTAAAGCTCCAGT	No	38331	20596	17337	21574	7193	13714	18273	34530	10	19	21	30	15	7	405	5	11	7	10	20
TRCN0000478788	MTERF1	AATATATACATACAGGCTTACCTG	No	23373	15231	12452	16885	10737	45680	16011	25700	11	24	300	25	5	7	2133	1136	407	13	216	15
TRCN0000479496	MRPS12	CGATTCAGTCCCGCCACAACTTCG	No	17260	11352	9451	12755	12284	20516	38982	45138	16	27	21	18	10	11	1329	363	379	12	11	16
TRCN0000472989	XRCC6BP1	ACACGTCTTGCCCTATAAAGGTTC	No	22026	15833	11806	14801	7613	13514	36961	12357	896	742	6221	1682	317	8299	2134	6005	1664	1880	3089	1352
TRCN0000468861	FDFT1	AAGCCTTTATGGTGACAACCTGGA	No	26732	17732	15184	18433	15540	20106	23919	30474	14	21	19	23	11	10	489	16	369	13	11	10
TRCN0000481165	CDK6	GTGTACGCCCGTGATCTCAGACTC	No	12751	6993	6812	7982	20216	22444	41327	47857	3	10	16	23	12	8	10	13	6	7	8	14
TRCN0000474408	TMEM261	AACGGGCTAGCCACCGCTACATGG	No	64	39	19	39	42	68	70	51	14312	21099	8306	17433	1512	351	1192	11668	456	79463	26	8747
TRCN0000488399	FAM86B1	TACCTGCGCGCCTAACAATCATGA	No	28844	17818	15092	14338	22359	23378	27695	11353	8	32	13	25	8	9	2719	9	8	9	327	11
TRCN0000478914	VPS50	TACACAGAGCCCAGTCACGCTAAA	No	25618	16385	11195	15218	24313	17277	30663	17777	12	24	1347	25	10	9	347	337	1581	8	9	19
TRCN0000467546	CDK6	AAAACAAGAACATTCTAGACCTTG	No	24396	10796	11394	9000	17072	27107	39488	15533	17	20	11	27	6	14	1118	10	665	383	10	360
TRCN0000468672	SRP54	ACCATTACCCTAGGTCTATTGGAA	No	49	23	17	847	27	50	41	34	3598	4685	20789	4558	3554	27975	23057	13415	19065	13665	11624	6903
TRCN0000488297	FAM86B1	ACTAGACGAAAAATGAGGCATGGA	No	21521	15665	12105	10532	16108	22795	24191	27039	12	13	682	21	11	7	1405	14	206	170	313	11
TRCN0000480533	MSRA	TGCGCTCTCTAGAGGGTAGACACG	No	28741	19028	12704	16295	13229	25083	11299	19029	12	13	594	17	11	8	690	15	323	8	9	12
TRCN0000472370	THRSP	GCATGACCTTATGATCCTGACGCC	No	22519	13241	11599	11393	23383	22651	26923	9099	8	13	14	252	8	10	2461	13	14	10	269	195
TRCN0000488115	USP32	GTCATCACGCGGCCGTTATCCCAT	No	25253	17370	12681	12278	14043	23397	19829	12821	10	13	948	16	9	4	1176	8	12	10	12	16
TRCN0000476066	KRIT1	ATACCCCCAGCCGATTAGTACTCT	No	16259	13088	7321	10770	6000	47732	10575	21221	8	9	10	21	7	13	2917	310	540	158	179	5
TRCN0000476990	KCTD21	CGGTTAGCGTGAGTGACCGTCTCT	No	25112	15711	10339	12522	13646	4640	25548	26611	8	20	676	14	14	20	6	11	8	6	9	10
TRCN0000480059	FDFT1	TAATTCTCCACATACATTCGTCCA	No	19616	14458	10981	14068	6744	15639	18619	32852	11	8	12	94	11	18	1334	373	9	10	6	17
TRCN0000478842	PAF1	ATGCGAACAAGCGTTACTGCAGGA	No	11778	5492	4936	5065	13885	25222	34897	30941	13	15	12	10	9	5	1671	5	8	6	8	7
TRCN0000489648	PIK3CA	TCAACACGTATCACATCGAGACAA	No	31	23	18	15	22	32	32	23	29077	22580	5549	24985	16200	2134	5568	3825	2079	6231	12	9308
TRCN0000478540	TACC1	TGCCTAACGCTTCCGTTGCCGGAC	No	12484	8237	7590	9748	7363	41976	13171	13221	2162	2840	2348	3062	25	8	2227	9	167	11	5	11
TRCN0000467741	SAMD4B	TCCACCTAGTCGGGTTCTTTAGTG	No	6979	6734	4115	4082	6844	39860	38887	13682	4	16	463	13	6	13	4184	11	6	5	273	111
TRCN0000479539	LGALS4	CATACATACGGTAATGAGGCCGAA	No	15056	9417	7082	13898	35416	15159	10610	13080	9	11	15	15	18	12	3017	5	5	490	12	63
TRCN0000489007	DYRK2	AAGCCGATGGAAGGTTAATACAGT	No	36	23	24	20	22	48	40	25	1143	1696	412	1949	32167	2118	2134	11634	212	367	59477	2933
TRCN0000469143	MTMR9	ATTACAGATCCCGACCACGTGTGA	No	14805	13186	8669	11914	6626	24909	15001	18887	5	9	455	18	8	6	740	10	328	11	4	9
TRCN0000470467	GATAD1	AGCAACCGCGCAGCCCTATAACCG	No	15564	10398	7030	9422	11482	9069	17687	30746	5	9	7	14	8	12	17	2	9	423	6	10
TRCN0000475915	TSFM	CAGGTCCTCATCGCCCCACCTTTG	No	18537	11222	8510	9657	8329	14623	14303	4829	539	414	2188	598	281	876	2625	1211	3934	1958	1668	1229
TRCN0000489919	RPS6KB1	CGAACCTTCGACTGCACGAATTCC	No	15791	11069	7984	8256	20668	15992	13549	12274	5	15	11	10	8	7	1309	303	8	8	3	9
TRCN0000472013	TSPAN31	TGACTCCGCCGATTGATTTGCCCA	No	15910	11069	8180	8174	12398	19089	12399	1651	361	540	1684	786	310	4384	2327	338	998	1311	2104	1560
BRDN0000560712	EGFR	TAGGCGATGGGGTCGAATTATTAT	No	60	17	29	48	34	71	46	33	3245	3362	1315	3395	1010	22	464	20	9	88618	17	28
TRCN0000468659	AQP11	CCGCACCGCTTCTCCACTCTCCGC	No	25665	27668	18612	27978	8	23	21	21	15	9	11	11	5	6	16	4	5	8	3	13
TRCN0000473048	FAM86C1	AGTGCATTTCATCTCTGTAGCAAC	No	28	157	91	508	18	32	25	146	22538	13999	4127	11189	221	1806	32029	9577	34	1021	709	418
TRCN0000466657	ASH2L	TTACACCCTGAGGTTTATGTGTAT	No	9935	5701	4435	5619	42431	2979	11622	1729	3400	4540	821	3369	47	444	10	2	2	84	9	1399
TRCN0000478511	DEFB134	CCAATGAATAGAAGCCTCGTTGCC	No	16220	9923	7125	10822	11776	16824	12708	7975	9	14	9	11	13	726	1646	4	1	7	471	7
TRCN0000471386	NFKBIB	TAAACTCTGGATCGGATTACCTCC	No	15085	11261	9348	9651	11646	11969	20859	4346	8	10	9	15	3	5	479	7	3	7	5	15
TRCN0000467109	BRF2	AGTGCGATACACCGCATTCATCGA	No	9528	6919	4961	7303	1090	18708	10166	12834	6886	5630	1201	5355	1487	4	1099	1	8	346	297	9
TRCN0000469844	SIRT2	CCAAGAACCAGATTACGTAGCTAA	No	6877	5341	3842	4128	1828	27928	30751	10239	6	7	7	12	2	9	1238	8	2	149	87	6
TRCN0000472186	METTL1	ACCTGCAGCATATCCACAATCCGA	No	24107	9043	7330	8437	6876	4069	24618	2415	12	9	1051	9	193	564	315	478	990	4	504	520
TRCN0000471261	DHX40	CTTACCCAGAGGAGATCAAATCAA	No	6018	5522	3079	4415	1525	18576	1287	49254	7	6	82	11	52	7	458	8	3	989	6	8
TRCN0000470015	SERTAD1	CGGACCTTACCCCGCCGCTGCGCC	No	19112	12354	10639	9516	5385	10615	13033	6576	8	13	10	13	4	13	308	5	4	6	5	7
TRCN0000470408	RPS16	GGGGCCCAAATCAATACGGCCTAT	No	24047	13623	10772	12588	5432	8978	6925	3402	8	16	9	10	2	4	967	2	5	5	5	4
TRCN0000466863	SEC61G	AATTTTGGCGTTCCAACTTCGCGC	No	32	18	53	513	14	25	21	14	3129	6106	13320	6422	819	9382	10779	7886	9465	6130	4944	5539
TRCN0000478863	LSM1	GTTCGGACCAAGACCCCCGACTGT	No	12650	8664	6199	8387	6027	4018	902	1327	5928	8745	3352	7624	2344	549	1333	2113	990	2859	3	20
TRCN0000476549	CIR1	CCATGGCCCGGCAATCATCCACAC	No	14	14	8	12	14	22	13	15	18073	20298	7512	25768	1494	150	349	7825	498	968	321	608
TRCN0000472827	MCCC1	CCGGAGTCCTGCCACCGGATAATG	No	44	24	13	14	20	33	37	22	4199	4423	2328	5414	8	13	4328	13	8	8	61102	23
TRCN0000470867	POP4	TTAACTTGGCAACATAACATTATC	No	10948	8136	6750	8793	3976	9004	14092	18785	6	8	336	13	6	2	38	4	6	7	3	5
TRCN0000473195	DYRK2	ACCAAGGGCCACGGTAGCTGATTC	No	15	17	9	96	10	5	7	5	1894	1861	2531	1991	544	1139	63271	1361	972	350	1103	523
TRCN0000468751	EIF4EBP1	TGAACACGATACCGGTTTCGATCC	No	13723	10334	7501	9134	975	1407	2113	1739	5577	8004	3393	6984	4198	6	9	1	6	4	2	6
TRCN0000474318	TIMM50	CAAGTTCAAATTAACATACCATCT	No	10811	4775	4433	6528	13892	2008	12673	18768	7	8	4	9	6	4	6	2	7	7	4	9
TRCN0000474140	BIRC2	TTAATGAGAGTCAATTGTAATGAT	No	36	16	16	19	17	37	32	19	6075	7911	2283	7037	84	70	259	61	13	49510	6	14
TRCN0000471101	CDC37L1	GATAGAGGCATACATCCTTAGTTC	No	30	8	14	25	20	30	27	21	6173	7184	1785	7221	18	16	15	552	9	7	49905	24
TRCN0000480967	TTC9B	CACCCTTGAAGATTGCGGGTTGCC	No	11828	10151	4728	9519	9131	11343	10864	4586	1	10	9	9	2	4	683	4	2	5	1	4
TRCN0000472435	RPS16	GGACCGTGTACATGATTACCGCAA	No	21525	14435	11405	10752	1247	5869	3438	2279	7	9	12	10	4	5	1169	6	2	5	3	5
TRCN0000469662	SUPT5H	CTTCTGCCCTCGCCCGTTAAGGCA	No	9948	4837	2548	4859	38012	4887	815	4250	6	7	8	11	7	6	613	422	1	3	0	4
TRCN0000472385	COMMD2	GCATATTTATGAAAACTCACCATG	No	27	12	10	7	7	28	14	21	5722	7611	2874	9568	483	13	1108	8310	6	57	6	34273
TRCN0000473775	POP4	TGAAGTCGCCGACTGTATTATACC	No	13891	9466	7490	8187	4387	13530	7087	3946	9	17	527	10	3	3	1307	2	5	2	0	9
TRCN0000477014	BRIP1	AAGGTTTATCCCAAGTATCTGTGT	No	9991	5262	3940	4788	8297	18223	2186	15691	5	6	6	13	5	5	532	4	4	3	4	6
TRCN0000468103	DLC1	ATTCAACCGATCACGTAATGGTCG	No	11157	6214	6268	7239	10750	8290	8196	9829	5	4	399	10	1	6	7	5	8	6	321	4
TRCN0000491935	XRCC6BP1	GTACAACTGCTAGACGTTTGACTT	No	21	13	10	365	8	17	22	11	2292	1810	11518	1352	1498	9734	11301	4236	10197	6708	4209	3011
TRCN0000475253	FBL	TAATGAGCATTACCCATAGCTGCC	No	8085	4506	4029	6907	1521	10124	5829	25857	5	9	7	15	3	3	934	2	382	8	4	6
TRCN0000492262	MTMR9	ATTGCCCTGCCTGTACAGGGGCGC	No	8899	6399	5091	7708	694	21828	8215	6980	4	11	5	6	0	5	995	980	5	2	5	6
TRCN0000477770	FGF3	CTCGTAGTGACCCAGATACCACTC	No	26	12	8	90	11	36	21	98	507	646	1041	1603	101	299	6747	1528	9	204	14	54243
TRCN0000465453	C8orf74	TGACGAGAATAAGATGAGGTGATC	No	6401	5530	4202	6966	1283	20924	11939	5566	4	6	843	9	4	5	2818	121	1	151	218	195
TRCN0000480973	NARS2	GTTGCTATTCGAGCTCAACGTCCT	No	7687	5288	4808	5432	6102	6806	11966	11749	3	10	5	11	5	7	734	4	3	5	5	6
TRCN0000466659	SUMF2	TGGGATTTACACAAACAACACGCT	No	15	8	7	9	12	15	17	12	4450	6397	2551	7376	9	2070	8	3	11	4	8	35023
TRCN0000471011	KCTD14	AATCGTACGCTTTACGATTACAAT	No	8089	4513	3082	6759	5172	10708	4019	14852	8	6	1	6	5	3	6	2	5	1	3	1
TRCN0000472429	KCNMB2	TATCAGACCTGTGGTAAAAGTGTG	No	26	7	6	10	14	17	17	6	4720	3922	985	3837	4	8	13	11	3	6	4	43404
TRCN0000470848	DYRK2	ACAAACGGTCTTTGCTTCCTTTTA	No	29	14	15	41	14	29	35	22	418	506	681	854	87	535	1150	218	618	45811	434	4592
TRCN0000471434	C17orf82	GTTCCTTCATACTCGTGCATTACA	No	5931	4092	4289	4281	2339	11816	10485	8176	3	3	2	10	3	2	1992	4	249	350	3	12
TRCN0000469581	ATP11B	TGTGTAATGGACCCAGCGTGCCCC	No	9	14	3	7	8	12	13	8	6554	8757	2107	6794	7	8542	39	13039	3	6343	6	23
TRCN0000491742	CDK4	TGACCGAAAAGGGTGAGTCGCCGC	No	11881	7038	4216	4778	5049	13169	2932	897	8	10	5	7	4	3	635	3	300	221	2	4
TRCN0000480334	FGFR1OP2	CCAATTAGCTTCCAACTTATCCCT	No	12	6	5	10	8	16	15	6	857	2242	6922	2235	1019	15771	6274	3685	3358	3116	3114	1766
TRCN0000480016	C5orf51	GTGACAGTGACTACGTGACCGTGG	No	5	11	6	276	6	12	23	10	1686	2134	6029	2875	1016	9962	5895	3852	2721	5557	5456	2225
TRCN0000476038	BAG4	ATGGCATCGCATCGCGGCATTACG	No	14242	7499	6116	6058	1843	687	783	953	3286	2930	83	3956	3	6	182	0	1018	7	0	1
TRCN0000473425	PSMA6	ACAACTGTGCAGAGGTGGGGGGAT	No	15	8	11	341	7	108	14	4	1567	1846	5954	3287	936	8865	7683	3953	4977	4035	3041	2905
TRCN0000468993	RAB3IP	CATGCTATAGCATTGACGGAGATG	No	7	5	4	59	7	12	11	7	5552	7737	5475	7912	463	5941	2473	9303	1126	915	799	1460
TRCN0000472873	DAP	ACCCTGAAACCACCGTTTTAAACC	No	20	7	2	127	6	14	12	9	670	965	4176	2500	732	8359	6405	6848	5697	2968	6023	2507
TRCN0000491961	FAM86B1	CCGTTCATGATGGCGTAAGTACGC	No	7366	9400	6164	3691	1290	1891	16575	1330	7	4	5	11	5	6	2	4	6	3	8	2
TRCN0000469509	C8orf48	CTGGAAGCACGGGCCTAAACTGAA	No	7731	4995	2480	3670	1818	10924	7084	5783	1	5	3	8	3	5	908	366	4	3	5	4
TRCN0000489094	LRRC32	TCCAGTCCTGTTGTGTTCTAAGTG	No	16170	12049	4372	6156	1174	82	5562	120	5	3	6	10	1	7	3	7	1	3	1	5
TRCN0000477132	RAB11FIP1	GGGAGGCTATGTCTCGTGCAAGGT	No	8622	13692	4992	3403	1370	4614	7237	1395	3	5	5	3	1	3	7	0	3	2	1	3
TRCN0000480923	DCUN1D1	CAGGTACATTACCCCCCGATTTTG	No	18	7	12	8	7	10	4	7	13370	13112	4777	10873	1663	7	6	221	266	4	3	17
TRCN0000488985	PRKCI	GTATGCCGGGCTCAGTCACGTCTA	No	2	6	2	6	8	16	13	7	8229	10431	2326	9761	3	313	761	11214	2	5	6	22
TRCN0000466293	PDCD1LG2	TCCCCAGATCCGTAGGAGGAGATA	No	13	1	5	5	9	10	7	6	6651	6031	3806	7032	2	15125	66	1324	2	4	7	2485
TRCN0000492322	PAK1	TACACAATCAATTACGAAATACCT	No	9287	6694	4496	4811	765	7295	6597	706	2	7	5	4	1	2	818	3	1	252	3	3
TRCN0000481635	ORAOV1	AGAGTATATGAAATCAGAAGCGAC	No	13	237	9	709	10	12	14	7	6921	8589	4506	10043	479	2120	2407	201	3872	712	295	498
TRCN0000480927	PROSC	CACTGGATTTAGTTCGCAATTTTC	No	5916	3667	2088	4404	3147	7107	1720	3576	1478	2551	1303	3234	5	7	123	32	1	4	3	7
BRDN0000554359	MDM2	CTACATTATACTATTCAAAACATA	No	10	4	2	120	6	14	39	5	3024	3973	3770	5686	1215	6518	5411	1247	4524	1937	782	1724
BRDN0000552561	FAM173B	CTGTGTGAGTGTTCCAACGCGCGT	No	13	6	6	264	5	13	58	6	436	1115	5317	1538	644	7287	4421	2436	4670	4340	3737	1211
TRCN0000470257	CREB3	TACCGACCCATTTGTCCGGCCCGA	No	18	7	4	4	3	7	11	7	5966	5626	1254	5312	16433	8	6	2	1561	2	4	530
TRCN0000479450	TMBIM4	CTGCAATGGTCACAGGGCTGTTTT	No	11	10	2	5	3	8	10	7	6534	9251	4628	7280	16	1	1147	7652	4	4	2	18
TRCN0000468636	RGP1	ACACCGCTACCATTGGGTAACTCC	No	8	10	5	4	5	8	9	4	8289	10999	2280	11860	102	2	178	95	332	343	4	2051
TRCN0000469013	DNAJC19	ATTCCGCTATCCTTGCGGTAACCC	No	8	6	1	7	4	8	8	3	7310	11723	4037	7653	695	22	239	2687	1328	5	3	104
BRDN0000561777	PIK3CA	TGCAAAACTTAGGTTCCTTCCGTG	No	7	4	4	6	6	6	4	4	3431	3141	1918	5910	19623	13	69	1317	6	0	1	4
TRCN0000468447	PLEKHF1	GACCTGTTTCGTCGAAATTTACAG	No	6602	3762	3145	3177	1825	7254	4671	3486	3	7	1	5	0	3	1108	0	1	3	5	4
TRCN0000467522	STOML2	ATTCAACAAGCCACTGCCTTCATC	No	3	4	2	4	6	10	10	4	7674	8912	5113	11758	174	1	63	738	300	2	1	4
TRCN0000480199	FADD	GCAATCTAGAGCCTCAGATGCAAC	No	11	7	4	3	3	5	9	6	15314	9944	1795	6597	70	1	7	90	1	6	6	595
TRCN0000469861	AK3	GCCGCTTCATGTGAACTCCGGGCT	No	6	5	3	2	7	6	6	8	5671	4643	2904	5302	15630	10	44	0	1	183	1	6
TRCN0000475285	ATP11B	GCTAGACGGCAGACTTCTGGGTAC	No	7	3	4	6	7	6	12	7	7943	10160	3450	9811	260	3	622	1773	3	18	4	161
TRCN0000475076	CD274	TGGCAATGGGACCGCAACAGACAA	No	7	10	7	3	8	11	11	5	22798	5279	425	4556	2	2	99	2	190	1	2	7
TRCN0000488535	PAK1	ATAGGCAGGATTGATTGGACAGGA	No	5745	4796	2742	3909	1225	1050	766	12429	2	1	3	3	0	2	4	2	1	277	2	1
TRCN0000473239	MRPS17	TAGTAGTGCAGGATTAATGATAGT	No	14	6	4	1	9	3	7	4	3829	6366	5027	7100	246	1669	768	1682	1501	1460	1423	732
TRCN0000475463	ZMAT3	TGTCTTAAGCGGCGACGAGGACAT	No	11	2	4	4	5	4	7	4	4877	7052	3032	5741	497	2	1	7797	2185	1	1	22
TRCN0000470807	PPP2R3C	GATCACCCTATTTGTGTGCCCGTT	No	14	8	2	267	5	12	4	8	885	1665	5869	637	620	5916	2363	1602	3750	3323	1844	1305
TRCN0000480123	CDK4	CCTTAACTTCTCATAATTAATTTC	No	6759	2975	2775	5267	2739	3986	1206	964	49	62	594	78	151	453	664	4	641	1	252	235
TRCN0000473179	CDK4	ATTATATTTACCGTATCTGTTCAC	No	5121	4339	2914	5469	1753	3704	2878	3533	2	3	1	3	2	0	4	3	2	3	1	1
TRCN0000469945	OS9	CTAGCTCGCTAATATATAACGAAA	No	4941	3997	2948	3828	1560	7904	2003	2516	4	5	0	6	0	2	0	5	1	3	0	0
TRCN0000467108	TES	ATCGAAGTGTATTTATCACAGTGT	No	7	8	3	67	6	11	11	10	421	1174	4592	1167	1032	4843	2559	1396	3741	4128	2446	1861
TRCN0000470340	ALG8	CTTTCCCAATAAGTTATTTTTAAA	No	4950	2708	1887	1955	278	14509	1768	649	2	5	3	4	1	2	409	2	0	251	1	2
TRCN0000489170	DYRK2	TTCATTGCATATTCACCCCTCGTT	No	12	4	2	39	1	5	10	8	1965	3154	1458	2913	4951	3008	1887	1508	2922	2027	2202	1175
TRCN0000488570	HIPK4	AACAGCGAATGTACCTCACTCCCT	No	7398	11258	4268	5495	80	8	4	2	1	7	4	2	4	2	2	4	2	2	2	4
BRDN0000560297	CDK4	ACTGGGACTTACCTTTGTCAGATC	No	6180	5948	3613	4809	804	3085	1022	2404	6	4	4	2	2	1	2	3	4	0	191	0
TRCN0000466373	PIGO	TGCGCTAGCTCGGAATTCCATATT	No	7	6	1	2	1	9	7	7	5355	6975	3605	5323	1	4	5	22	2	2	2	5739
TRCN0000469043	NUMBL	CCACTTATCCCCGACCGATTCTGC	No	2467	11254	1280	2005	1618	1554	5392	1326	3	4	1	3	2	1	2	2	0	3	1	2
TRCN0000469373	PPP1R3B	ATATCTTGGGGTTTTGTGATTCAC	No	9342	6668	4643	4230	15	597	351	108	2	2	1	4	0	3	376	0	2	1	3	175
TRCN0000468660	YES1	CCTCACAGCATATCTTCAATGCAC	No	7	3	6	4	1	5	6	2	3750	5130	1053	5878	493	219	4	9907	2	29	0	18
TRCN0000474087	ACTL6A	CTGACAGTACAGCGTCAGTCATTA	No	6	5	5	0	3	7	7	3	6542	3554	1700	2813	10196	957	4	4	488	1	1	1
TRCN0000472776	AP2M1	GCTCACACTCGTGAGCATTCACCT	No	5	5	1	6	6	5	5	2	2774	1772	801	1571	18840	3	1	0	1	306	1	4
TRCN0000467096	DCUN1D1	TCATAGAACCTCGCCTAGACGACG	No	6	3	1	5	3	4	2	4	2664	4909	2372	4963	10516	6	4	6	1	249	1	47
TRCN0000476655	MED10	TCTCTGACTATTACTTGAGCACCC	No	11	6	3	61	1	5	6	3	520	1042	2519	1260	608	4954	4549	3145	1306	2770	1598	1346
BRDN0000552307	CCND1	GTATCGCTAAGCAAAGATCACGGT	No	15	7	2	9	6	12	10	14	3212	4041	1874	4600	3	6	2	3	2	11033	1	13
TRCN0000471821	CCT5	CACCCCTTTTGCGGACCTTAATTC	No	6	4	23	56	3	6	2	7	452	1065	3046	1820	537	2713	3817	1960	3474	3540	1042	1272
TRCN0000489311	PAK1	GAGCCAGCTGAAAACATACTTGAC	No	4969	4399	3117	4467	521	865	2815	3579	0	6	3	5	1	1	3	4	3	0	4	2
TRCN0000468235	EIF3K	GACATACGGTGTAACATCACGTCG	No	4200	1869	1763	1618	93	107	12638	1525	1	2	2	2	3	0	2	2	3	0	3	3
TRCN0000467220	PPAPDC1B	ATTTTGTGCCGACTTTTCAACGTC	No	1994	1713	1216	2100	640	8235	213	2033	2120	1444	733	341	6	1	342	1	2	2	2	2
TRCN0000467024	TM2D2	CCAGATAGTCAACAAACTCACATC	No	3840	3315	1835	2675	2384	1745	5425	1367	0	2	2	2	1	1	356	1	2	1	1	1
TRCN0000469455	PIGO	CCCATCAATCACCGCTCGGGAGTC	No	5	4	2	5	5	5	7	5	6514	6408	3143	5804	470	3	4	489	2	1	2	5
TRCN0000480581	SARS2	GAAATGCCGATACTTTTCTCATGG	No	4365	3735	2399	2102	2186	1609	367	5430	3	3	518	0	5	2	5	3	0	0	2	3
BRDN0000552449	CDK4	GGCAAGACTCCCGCTTGCCCTCAT	No	5328	4459	2090	1981	4371	2959	878	386	0	3	1	2	2	0	3	4	0	4	2	2
TRCN0000487965	ADRB3	CTTTGCGGTGGCATACCTAATTCT	No	5631	4401	2494	9790	3	3	6	6	4	8	1	2	2	1	1	3	0	0	1	5
TRCN0000472213	C19orf12	GCCCAAAACGGCATATTCACGTTC	No	3555	1823	2487	1391	1059	381	11345	67	3	5	2	4	1	1	1	0	1	0	0	5
TRCN0000475782	ADRB3	TCGAGATGACGGAGCGTCCGTATC	No	6496	2486	2941	9145	5	3	6	4	3	4	3	3	2	2	3	1	2	1	2	3
TRCN0000480915	PAK4	TTGACTCAACGCGCCATCTCGTTC	No	4823	3065	1990	1631	953	1198	6903	228	3	2	0	5	0	2	4	2	0	1	2	3
TRCN0000466643	OS9	TTGCTAAATGCGACCGGAAGGATG	No	4419	2405	2967	3278	529	2973	1678	2221	3	130	0	7	38	3	20	1	0	0	0	3
TRCN0000470488	TM2D2	GGGATCGCAACCTTAGTCACACTT	No	3454	3157	1635	2016	1615	3653	3418	1236	3	3	2	4	0	2	3	1	1	1	3	1
TRCN0000489889	EGFR	TCAAGTATCAGACCACTAAACATC	No	9	4	5	3	1	8	9	5	10222	4857	520	4060	1	3	3	0	1	1	3	3
TRCN0000476623	PUM3	ACACAACCGCCAGCAGCAAGTTGA	No	2	3	3	2	3	3	8	3	3815	7638	1183	5518	4	2	952	144	2	2	0	217
TRCN0000489587	EGFR	TTCCGACATTAAGCCGCAACCGAG	No	4	3	0	5	2	8	5	4	3206	2668	275	3996	11	1	1547	2013	5666	3	3	7
TRCN0000473199	HAUS6	AAAGGCCTTTTCGCACGCCTTGTC	No	4	0	1	3	3	4	1	2	2834	3561	3153	5930	86	796	2615	9	45	12	2	6
BRDN0000561815	GAB2	ATCCCGTTACGAAAACCGGTGTCA	No	2499	1726	1758	9115	3	874	1206	1412	1	4	0	4	1	0	7	279	1	1	3	1
TRCN0000478901	MDM1	GTATGAATTCAGCAGTGATAGATA	No	5	1	1	52	2	10	5	5	6346	3925	477	3330	58	609	2	1	1266	13	90	2527
TRCN0000465711	RRAGA	AACAGCGACCCTGCGCGTTGAAAC	No	5	3	1	2	4	4	7	3	2332	2389	1249	5274	186	3	4349	2749	3	3	2	41
TRCN0000465868	CTTN	TCGACCCCGAATAAACTTGGCATC	No	4	3	2	3	3	5	5	5	5389	5508	1331	6026	6	1	3	2	1	3	2	2
TRCN0000467913	RCL1	ATATATCGTAAGAGCATTCGAGTT	No	7	6	2	4	3	4	4	3	5390	5052	1450	5072	2	0	0	113	590	3	0	4
TRCN0000474402	DPY19L2P2	ATCCGACGCAGTTTGAGACACATC	No	28	251	88	1160	4	88	4	80	661	1611	1849	778	839	1047	3627	2	2346	1296	1402	511
TRCN0000491402	GAB2	AAACCAATAGCTCTAAGTCGGAGC	No	3007	2683	1137	2721	5081	912	86	1948	2	1	0	3	0	1	1	1	2	2	3	2
TRCN0000470238	IL33	AGACACCATCGATTCCCCCACTAA	No	4	0	3	6	6	5	2	3	4129	5284	2152	4873	3	0	953	2	2	2	3	132
TRCN0000491616	PAK4	GCCATTATCAGAACCCAAGTTTCC	No	5752	3931	2194	3533	339	91	1645	3	5	2	4	1	1	1	2	0	0	1	0	2
TRCN0000475833	PLPP6	ATCGGCGGCAACTGGATGACTCTC	No	5	2	5	2	1	3	6	9	5753	5937	683	4988	83	1	5	1	3	0	0	4
TRCN0000465847	MRPL21	AGCCATCATACTTAGTTCCACCGC	No	7	4	1	270	4	4	3	0	3307	4114	1758	5299	2	1	47	1764	123	607	6	4
TRCN0000474440	ERLIN2	AAAATTCATCATACCTGATTTGCT	No	1106	922	585	3262	1154	1556	3135	64	2616	313	261	1629	3	1	316	3	1	1	1	0
TRCN0000487808	DYRK2	GAGGACCGAGACAAGATTCCCTTA	No	8	4	3	1	6	1	6	1	1843	2825	1388	2644	210	1153	267	706	914	718	250	3979
TRCN0000488960	GAB2	CCGCACTGGTTTAATACCTCTCGT	No	4800	1717	1828	2299	2722	242	2254	655	29	3	176	1	2	1	4	0	0	1	0	1
TRCN0000489760	DYRK1B	AATATGTTGATGCCGAGACCTTCC	No	2173	1495	1048	877	2265	1919	5594	1078	0	0	2	2	1	3	1	0	117	0	0	3
TRCN0000472863	SUMF2	GTTATCTTATAACGAACTAGGTGT	No	4	2	1	0	0	8	6	1	4243	5219	717	4073	574	3	0	2	2	1	2	1300
TRCN0000468040	STARD3	CTAAGGAAATATCTCCTATTACTT	No	3	4	1	4	5	4	7	7	5841	3290	1047	2055	50	3	4	4	3671	0	66	2
TRCN0000478445	ACTN4	AACAATATTTTCATGGGGTGCCTC	No	2773	4813	3659	1610	1188	97	1611	197	3	2	1	2	3	2	0	0	0	0	2	3
TRCN0000472688	VCP	GCAACTAACCACCCATAGCCTCTG	No	3	3	1	3	2	1	3	2	4107	5068	445	5880	1	1	3	21	2	0	1	5
TRCN0000471040	BRMS1L	AAATGGCGGTGGGAAATTCTTAAG	No	38	54	2	375	7	3	4	2	57	125	3307	914	446	1787	1627	796	2315	1512	972	1049
TRCN0000469680	PAK4	TTGCTCGCCAGCAAACCTATAACT	No	5679	2189	929	3293	230	720	218	1057	1	2	2	2	1	2	408	2	1	1	1	1
TRCN0000475514	FAM173B	AGCATCAAGATGCGATCTCCCCGT	No	2	0	1	84	2	4	2	1	439	867	1077	549	157	2670	2399	706	618	1971	1131	1548
TRCN0000465810	CHCHD2	ATACCTTGAAAATTCGGAATATGT	No	4	2	1	3	2	4	2	5	2515	4186	1227	5212	2	78	3	272	1	327	1	2
TRCN0000468617	NFIB	CCCGTGCAGTTGAGCGCTAGTGAT	No	2	2	3	0	3	3	2	3	1934	2713	2991	4567	1	1	792	549	193	0	1	5
BRDN0000552479	FAM173B	GCAAAACTGCTCATGGGTCCTGAA	No	6	1	5	2	3	2	2	1	233	469	2447	237	137	1450	2115	985	2945	1069	976	571
TRCN0000478771	KIAA0391	TCGCGTCCAGCTATGGTGGATTAA	No	2	4	2	98	2	3	1	1	96	765	1940	292	262	3418	1186	371	1957	911	737	1217
TRCN0000492031	DYRK2	TCCAAGTATGCTAAGTGAAAAATT	No	0	3	2	65	3	2	1	2	2009	2927	812	2433	567	1266	675	370	457	688	436	182
TRCN0000472782	BLK	AGTGGTTAACCAAGATATCAGGGT	No	6938	1480	1363	933	0	97	15	1840	4	2	0	1	2	2	0	1	1	0	0	1
TRCN0000471449	BLK	ACTTCGACACCTAAGATTACCTCT	No	4739	3039	2034	2330	118	39	133	88	1	3	0	1	1	1	1	1	0	1	1	3
TRCN0000470680	EGFR	TTTCCTGTACTCAGTCAATTTGTA	No	57	1	0	257	6	3	2	5	1082	1420	415	1090	286	2	1215	544	5132	659	132	194
TRCN0000471938	ABCF3	AGGCACGCAGACTTAGCCCTCGGG	No	2	1	2	2	2	3	6	1	3669	3019	1215	3250	50	0	962	18	64	0	0	4
TRCN0000477314	GATA4	CGCTTGGGATTCACACGGGACGGA	No	4754	3117	1257	2492	64	335	142	44	0	3	2	2	2	1	0	0	1	1	2	2
TRCN0000478631	MFN1	TTTCTACTTTGAACGTAGCCTTAA	No	5	2	1	2	0	4	5	3	3413	3063	637	4332	17	3	0	11	0	1	0	4
BRDN0000559461	LacZ	TTTCATCGCCGATTTATTCTCTGG	Yes	300	289	249	342	272	56	459	0	1780	2534	1074	2984	19	1	1	347	2	0	161	512
TRCN0000492109	PPFIA1	GCCTACGAGACGTCTGAGGCGCCA	No	5	0	3	1	2	0	2	2	2834	1993	1567	3817	1	597	79	0	1	32	1	3
TRCN0000475908	IGHMBP2	GCCCGTTTAGAATTCAGGCAAGCG	No	2	1	4	119	0	0	1	1	1732	1848	1450	2111	202	1172	728	554	239	0	1	213
TRCN0000480332	TBL1XR1	GGCCGACAAGGCAACTCACGGAAA	No	3	1	0	1	1	3	3	1	3195	3611	398	3088	1	1	2	0	0	1	0	1
TRCN0000470376	FAM214B	AACCATATATTTGCGACAGCTCGT	No	3	2	0	1	3	1	2	0	1917	3607	1586	2726	0	3	2	1	1	0	1	203
BRDN0000553846	EGFR	ACCCCAGCTATATGGTTTGCGACT	No	1	1	1	1	2	2	2	1	2522	2830	1005	2121	727	1	2	0	82	0	0	315
TRCN0000491692	PAK4	AAAGCATGTTTTGACTTAAAGCCT	No	5878	1546	392	1625	16	12	2	1	1	1	1	3	0	0	2	0	1	1	1	0
TRCN0000479503	DYRK1B	CGCACGTACGGTCGGCCCGAATGT	No	3719	1728	1320	2602	2	1	1	12	1	1	1	1	0	0	1	2	0	1	0	1
TRCN0000488374	PAK4	CTGCGTATTCCCTACAAAGGGGTA	No	3704	1472	922	1435	1117	467	1	218	1	1	0	1	2	0	0	0	1	0	0	0
TRCN0000465222	PGAP3	ACGCATCCCATACATCCGCCCGGC	No	6	0	2	1	2	0	0	2	2455	2898	820	2289	2	1	1	1	0	0	0	642
TRCN0000467216	CCND1	TAGCCGTCAGTGGGACTTTTCTTA	No	6	104	6	105	0	4	4	2	633	1092	1544	1034	98	1	263	689	236	180	2979	123
TRCN0000467850	DNAJC2	GACATATCATTCCATTGCGATCGT	No	4	2	50	1210	3	86	59	61	177	0	957	109	304	0	1179	1171	1716	944	642	415
TRCN0000489877	DYRK2	GAGAAGCACCTAGCGAGCATATCT	No	5	2	3	2	2	1	4	3	1788	1427	529	2318	393	1	276	0	1033	40	112	1122
TRCN0000474453	KIAA0391	TGCGTTCCGCAAATACCAGACGTC	No	4	0	3	1	1	1	2	0	283	445	95	435	327	1069	2449	874	813	652	677	930
TRCN0000491735	GBAS	ACTATATATTTCGAAGCCTGCCCT	No	1	0	0	1	1	3	2	3	1352	2134	1354	1933	0	133	167	237	3	796	3	99
TRCN0000468245	PAK4	AGCAGTCATGCCACTATTTGGTAA	No	2150	1664	1022	2131	107	705	16	2	0	2	1	0	1	0	1	0	1	0	0	1
TRCN0000465299	PPP2R3C	CCTTACTATAAAGAACGGAATGAC	No	3	1	1	1	2	2	4	101	221	181	1505	709	149	1343	448	193	1095	255	734	384
TRCN0000471779	FGF19	CATGTTCTATCATCTCTTTCGGTT	No	83	2	0	111	1	3	0	2	748	905	78	1324	0	1	200	3237	1	271	3	264
TRCN0000477246	BLVRB	TTGCCGTCATAGATCTGTCGGGCC	No	2032	515	1466	2463	330	50	1	38	0	3	0	3	2	2	0	2	1	1	1	0
TRCN0000468384	TMEM123	ATGTCTTGCGCCCTAGCGACTCAC	No	2	0	0	1	1	2	0	3	1762	2707	955	1468	0	0	1	0	0	0	1	2
TRCN0000488579	BLK	AATTTACAAGTCACCAACTCTCGA	No	2078	2381	542	1649	1	28	1	144	1	2	0	0	0	0	0	0	1	0	0	0
TRCN0000468871	RLF	GCGGGCTTCACACATAGGTTTACT	No	31	19	51	1020	1	2	23	1	1	97	1434	1	0	1481	1162	943	362	0	0	140
BRDN0000560704	EGFR	ATTAGTCAATGGGTGTTCGTCATG	No	1	0	1	0	0	0	3	0	1695	1934	329	2236	0	0	2	8	511	2	0	1
TRCN0000476636	HTRA4	CCTAAACGTAACAACATTTGCCAC	No	1194	1288	190	1389	175	260	232	1976	1	2	0	1	1	0	1	2	1	0	1	0
TRCN0000488586	ADRB3	AATATCGATGAACAGAGACAATTA	No	1121	916	560	3771	0	3	1	0	1	1	0	0	0	0	0	0	0	1	0	1
TRCN0000489274	TESK1	GTTGCTTACCTGTTCACCACATTC	No	3	0	0	0	0	2	1	4	1082	1485	1245	1655	0	0	25	162	1	362	0	167
TRCN0000480323	ALG3	GCCTTACGCATACAACGGAACCCG	No	1	0	0	1	1	3	0	0	2201	1335	274	2127	1	2	2	1	0	2	1	1
TRCN0000479641	HIPK4	TTACTTCTTATGATTATTAACTCT	No	4587	352	216	433	98	13	0	123	0	0	1	0	1	0	1	0	1	0	0	1
TRCN0000469758	YEATS4	GTATTTAAAGATTCGAACCAATTA	No	1	0	0	2	1	1	2	1	1306	1473	333	2021	60	1	1	68	1	159	1	0
TRCN0000467853	OAS2	CTGACCAAGCAAATGACCAGGCGT	No	0	0	0	1	0	0	4	2	195	125	248	373	91	378	1094	164	1352	336	272	373
TRCN0000481564	FOXA1	TATGTAGCACCTGAGTCTTCCTCG	No	0	1	0	0	2	0	1	1	0	1	281	15	228	1632	1427	113	689	461	1	0
TRCN0000487903	EGFR	TTTGATCTATAGGTAATTAATTAT	No	0	1	1	3	0	2	0	1	801	1074	301	2242	0	1	1	0	0	0	1	78
TRCN0000480853	TPCN2	TTAGTAACGGGGGTCCGAAAAGAA	No	1	2	1	54	1	0	0	1	1396	1339	16	1493	0	2	0	196	2	1	0	0
TRCN0000469875	ALKBH4	CCTATCCCCATCGTTGGACGAACT	No	3	1	1	370	18	2	0	0	2	73	316	217	103	1107	743	0	0	338	273	905
TRCN0000473034	SLC35E3	CTCTTACCGCGGATAGGTAGGCTT	No	3	1	0	0	0	1	2	1	1066	829	510	1095	0	0	3	3	514	300	1	8
TRCN0000476285	RBM48	CTTTAGACTCACTGATCGTTACAG	No	106	128	1	609	1	2	1	32	1	0	30	3	289	2	650	616	360	418	412	650
TRCN0000492139	PAK4	TGAGAAAAGAGGATGCAAATCATT	No	2426	559	375	716	2	125	0	44	1	1	2	0	0	0	3	0	1	0	0	1
BRDN0000560688	EGFR	TAACGATTCACGGCTTAGCAGGCG	No	1	0	0	1	1	1	2	1	929	1349	76	1692	1	1	0	0	0	0	0	0
TRCN0000478612	NIPBL	TTCTAGCTCAGTTGTAAAGACCCC	No	1	0	0	13	0	0	0	0	55	46	0	132	87	1640	1253	0	1	218	332	275
TRCN0000473910	MYNN	CTTTCGTGTGTTCAGTATAAGCCT	No	0	0	0	1	0	2	1	3	1607	593	850	913	0	0	0	2	0	0	1	0
TRCN0000467544	TESK1	TTGCACTGGACTGCGTCCGGGTCC	No	2	1	0	0	0	1	0	0	700	849	304	1759	0	1	1	0	226	0	1	0
TRCN0000480200	MTL5	GGAGGTATAATTCGTGGGTGGTGT	No	0	0	1	132	0	109	1	0	109	446	176	148	1	1268	0	189	861	1	267	79
TRCN0000468071	DVL3	AATAGTCATTGGCTTTGCTCCGAA	No	2	0	1	0	0	3	1	1	957	1685	97	722	7	0	0	0	0	1	0	1
BRDN0001051954	CCND1	CCATCGTGCTTAGCCAAGATTATG	No	2	0	0	2	2	1	0	3	1174	914	143	1143	1	0	1	0	0	1	0	1
TRCN0000471996	CLPB	CCAGGTTCTCTACGCCAGAAACAA	No	90	1	0	44	0	1	1	0	47	170	789	191	77	796	295	1	445	228	2	163
TRCN0000470218	MRPL48	ACGCCGTTTGAACGGCTAGCTGTA	No	57	0	0	249	1	4	1	0	65	1	481	1	0	1486	3	1	0	0	328	470
TRCN0000466447	CPT1A	ATGTGTTTGCCGCACGCTGACCGC	No	2	2	0	200	0	2	2	48	314	87	0	1	0	2	204	0	1121	728	0	425
TRCN0000488957	PMPCB	TCAAACTCTTGCTGGGGCCCTACG	No	0	145	17	165	1	166	0	0	0	0	1	105	103	975	1	967	0	0	485	1
TRCN0000472008	PSMC2	CAGCATATTCAAAGCTATCCCTTC	No	1	27	0	327	0	0	0	0	0	124	1073	0	0	1	549	1	968	0	1	5
TRCN0000481103	42072	CCGTTTACGGCAAGCAACATGGAT	No	2	1	1	73	1	2	4	4	209	2	0	40	149	0	140	380	1023	0	847	164
TRCN0000475924	HEPACAM2	GCTTCAGACGATGTCCCAGACCTA	No	2	2	0	21	0	1	0	1	1	35	1	1	167	675	1	226	338	924	475	2
TRCN0000474798	LAMP3	AGTAAACGAACTCCATTACTATTG	No	1	0	0	1	0	0	0	0	754	667	111	1138	0	199	0	0	0	0	0	0
TRCN0000467205	TMEM171	CGAGTACCACAATTAACGCCGTCT	No	0	0	0	1	0	2	0	0	70	0	0	1	104	2302	0	29	0	304	0	0
BRDN0000560406	CCND1	TATTTTAAAGTAAAGTATTTTGAG	No	1	0	0	0	1	0	1	1	670	697	263	936	0	0	23	14	171	0	2	0
TRCN0000477318	XXYLT1	CCGTACAGCATCACTATAATTTTG	No	1	0	1	0	2	0	1	0	1203	656	273	396	0	0	0	0	0	0	0	1
TRCN0000473989	RAB6A	GGTTCGATCACGAGGTTACCACGA	No	1	0	1	376	0	0	0	0	0	79	0	1	1	952	0	559	1	0	0	107
TRCN0000473669	PAAF1	TTTCCAGAAAGATGGGTTAATGTC	No	2	0	0	111	0	0	0	0	0	0	0	57	56	0	1597	252	0	0	0	0
TRCN0000488713	FGFR1	AAGAGGCTTCCCATAGTAATAAAT	No	647	263	242	573	0	0	183	0	0	0	0	2	1	0	0	0	0	0	0	0
TRCN0000475483	AP3M2	CCATGCAACCCGCGGTTATATAAT	No	0	1	0	0	0	1	0	0	0	0	0	431	92	0	1	746	2	272	15	139
TRCN0000473059	GAL	TCATAAGGATCCTAGGCTCATATC	No	0	0	0	118	0	2	0	0	0	0	521	0	0	521	0	1	0	351	0	161
TRCN0000470156	SNAPC3	CTATCGTCGTGCAATTATATCCCT	No	0	0	0	0	0	0	1	1	278	531	250	426	9	0	141	2	0	0	0	0
TRCN0000471961	ARMC10	CATTTTCAACACGTTTGTCAGGAT	No	0	73	0	201	0	0	1	18	0	0	1	1	112	0	0	234	0	368	281	224
TRCN0000477422	VCP	GCTTTTCTTTTGCAATGCTCCACA	No	0	0	0	0	0	0	0	1	165	141	450	261	0	0	0	1	231	0	0	0
TRCN0000466573	GAGE12I	TTGTGTATGCCTCTTGCCACGACC	No	1	202	139	388	0	0	0	251	0	0	0	0	1	0	0	1	0	0	1	0
TRCN0000469054	SLC25A21	GCGCTTCTTTTGCATCCTGAGTTA	No	0	0	0	0	0	0	0	0	0	0	544	0	0	0	0	0	0	0	277	0
TRCN0000489474	IKBKB	CATCAGAGCTTCTTGCTCATCAGT	No	9	1	0	87	0	0	0	0	0	0	0	8	0	0	220	333	0	0	0	0
TRCN0000475834	LRTOMT	TGGGCCAAAGTAAAATCCATAGAT	No	0	114	0	0	0	0	1	0	0	0	0	0	0	1	313	0	0	0	137	0
TRCN0000472648	MYEOV	ACAACTTACGCGCTCAACGCCTGT	No	0	0	0	1	0	0	0	0	0	0	493	0	0	0	0	0	0	1	0	0
TRCN0000470811	DPY19L2P1	CCTGGTTGCCCCTCTAGGGCTTGA	No	0	100	0	40	0	0	1	0	0	124	0	0	45	0	0	0	0	0	179	0
TRCN0000469351	CTDSP2	CTTCGTCCACTGCTTACGCTCTCT	No	155	110	68	93	0	34	0	0	0	0	0	0	0	0	0	0	0	0	1	0
TRCN0000480513	C19orf54	GTTTCACTGAAAAATTGCACAAAC	No	0	0	0	0	0	0	0	0	1	1	0	0	0	0	0	0	274	0	0	0
TRCN0000471637	EAPP	CCCTTAGTGCCATCTCAGACCGTG	No	0	0	0	0	0	0	0	0	0	0	0	239	0	0	0	0	0	0	0	0
TRCN0000470406	SCGB2A2	GCCACATTGATCTTAACCCGACAC	No	202	0	0	0	25	0	0	0	0	0	0	0	0	0	0	0	0	0	0	0
TRCN0000473990	TRIM37	TAGAACAAAGCACACACGATGAAC	No	0	0	0	0	0	0	0	0	0	0	0	0	0	0	0	140	0	0	0	0
TRCN0000472132	YPEL1	TTCAACAATTGAGCCTCATAACTA	No	0	0	0	0	0	1	0	0	1	0	0	0	0	0	0	0	0	0	121	0
TRCN0000476345	SLC20A2	AACTTACATGAACCCCTCCTAACT	No	1	54	0	56	0	0	0	0	0	0	0	0	0	0	0	0	0	0	0	0
TRCN0000475688	MYOD1	CGCCCGACTCTAATCAAGGCAGGG	No	101	0	0	0	0	0	0	0	0	0	0	0	0	0	0	0	0	0	0	0
TRCN0000479893	NACA2	TTAAGGTCAGGAACGCTGATCCAG	No	0	93	0	0	0	0	0	0	0	0	0	0	0	0	0	0	0	0	0	0
TRCN0000479235	ZNF546	TTTTAGGCGAACCCTTACGCACAT	No	3	0	0	0	0	0	0	0	0	86	0	1	0	0	0	0	0	0	1	0
TRCN0000471747	PSMC4	TAAGCATGGTCCACAGGCCTCCTC	No	0	0	0	0	0	0	0	0	0	88	0	0	0	0	0	0	0	0	0	0
TRCN0000472751	CLC	TACTGCAGCCGATCCTTATAGGAA	No	0	0	1	0	0	0	0	0	0	0	0	0	78	0	0	0	0	0	0	0
BRDN0000554072	GABRA6	GTAACACTCTAAAGTTTTCTAATG	No	0	55	0	0	0	19	0	0	0	0	0	0	0	0	0	0	0	0	0	0
TRCN0000491584	ADCK4	GATCCCTAATATCTGAAACCCCAG	No	0	0	0	0	0	0	0	72	0	0	0	0	0	0	0	0	0	0	0	0
TRCN0000469158	HBE1	TCTTCGAAGCTCCCACTGATACTG	No	59	0	0	0	0	0	0	0	0	0	0	0	0	0	0	0	0	0	0	0
TRCN0000478124	GOT1L1	TGACCACTGTCTTATGATCCGACG	No	0	53	0	0	0	0	0	0	0	0	0	0	0	0	0	0	0	0	0	0
TRCN0000492036	FAM71B	CCGCAGGTCTTCTGTTTTTAGGAT	No	30	0	23	0	0	0	0	0	0	0	0	0	0	0	0	0	0	0	0	0
TRCN0000476069	MS4A10	GACCCTCTAACCTCCATTTCTCTG	No	0	0	0	7	0	0	0	0	0	0	0	40	0	0	0	0	0	0	0	0
TRCN0000477199	TSPYL6	TATCATTTTTCCCTTTTAATGAGA	No	3	0	0	39	0	0	0	0	0	0	0	0	0	0	0	0	0	0	0	0
TRCN0000466916	LACRT	TAAGGGTGCGCGTCTAAAGGAAGA	No	0	7	35	0	0	0	0	0	0	0	0	0	0	0	0	0	0	0	0	0
BRDN0000552692	TP53	CGGTCCAGCCAGTTTCGTCTCATA	No	0	28	0	0	0	13	0	0	0	0	0	0	0	0	0	0	0	0	0	0
TRCN0000466234	CALCA	ATCTCTCTCTTAATCTTGACACCA	No	0	34	2	0	0	0	0	0	0	0	0	0	0	0	0	0	0	0	0	0
TRCN0000471751	CSN1S1	GGTCGAAGCGCATCACGTCGTGTC	No	0	35	0	0	0	0	0	0	0	0	0	0	0	0	0	0	0	0	0	0
TRCN0000465933	PSMC4	AATGCGTTCGTGACACTTACGCCT	No	0	0	0	34	0	0	0	0	0	0	0	0	0	0	0	0	0	0	0	0
TRCN0000472948	PLD3	GCCTGCTTGCGCAGTGTAGAACTA	No	34	0	0	0	0	0	0	0	0	0	0	0	0	0	0	0	0	0	0	0
TRCN0000476762	NCCRP1	CTTCCTGCAACTATTTCTCAGGCG	No	31	0	0	0	0	0	0	0	0	0	0	0	0	0	0	0	0	0	0	0
TRCN0000465336	FAM177A1	ACTGCCCCGGTTCACTACGAAAGA	No	0	0	0	0	0	0	0	0	0	0	0	0	28	0	0	0	0	0	0	0
TRCN0000469668	LACRT	GCTGACCAGAAACTCTGACTATTT	No	24	0	0	0	0	0	0	0	0	0	0	0	0	0	0	0	0	0	0	0
TRCN0000469787	FBXO27	CCGCTTTTTTTGACAATATCCGAT	No	0	0	20	0	0	0	0	0	0	0	0	0	0	0	0	0	0	0	0	0
TRCN0000478904	SCGB1A1	CACCACGACCGACCCCAATGACCT	No	0	13	0	0	0	0	0	0	0	0	0	0	0	0	0	0	0	0	0	0
TRCN0000479316	SHKBP1	AATACTTACCACCTTTATCTGGTA	No	0	0	0	0	0	0	0	0	0	0	0	0	0	13	0	0	0	0	0	0
TRCN0000474346	SKA2	ATGACTACCCTCTAACTCGGGAAG	No	0	12	0	0	0	0	0	0	0	0	0	0	0	0	0	0	0	0	0	0
TRCN0000467585	GAGE2E	CGTTGCGCGATTGGCGCAGTTACT	No	11	0	0	0	0	0	0	0	0	0	0	0	0	0	0	0	0	0	0	0
BRDN0000561544	GABRA6	ACTCTATTCACATCTTCCTCAAAC	No	0	0	8	0	0	0	0	0	0	0	0	0	0	0	0	0	0	0	0	0
TRCN0000476257	OR51Q1	ACGGCAGAACGATTGCAAAGCAGC	No	0	0	7	0	0	0	0	0	0	0	0	0	0	0	0	0	0	0	0	0
BRDN0000553411	KRAS	GATATCATCCTCTGGCCATTGTGG	No	0	6	0	0	0	0	0	0	0	0	0	0	0	0	0	0	0	0	0	0
TRCN0000469923	CYP17A1	AACTATCACGCTATGTACGCCCTC	No	5	0	0	0	0	0	0	0	0	0	0	0	0	0	0	0	0	0	0	0
TRCN0000473039	ADAM32	CAAGTTCAAGTTGATTCGAACCAA	No	0	2	0	0	0	0	0	0	0	0	0	0	0	0	0	0	0	0	0	0
TRCN0000471227	CAPN5	CAGAGCTCGTCCAAAATCATGAAC	No	0	0	2	0	0	0	0	0	0	0	0	0	0	0	0	0	0	0	0	0
TRCN0000478260	C10orf82	ATCGTCACTACAACCCGTAATAGA	No	0	0	0	0	0	0	0	0	0	0	0	0	0	0	0	0	0	0	0	0
TRCN0000479723	ZFP37	TATTCTTAATTTGATCACAACCGA	No	0	0	0	0	0	0	0	0	0	0	0	0	0	0	0	0	0	0	0	0
TRCN0000487752	KRAS	TAGTTCACCCCAGACCCGAATCAA	No	0	0	0	0	0	0	0	0	0	0	0	0	0	0	0	0	0	0	0	0
TRCN0000488343	KRAS	CTATAAAAACTCAAGTCCGGTCCC	No	0	0	0	0	0	0	0	0	0	0	0	0	0	0	0	0	0	0	0	0
TRCN0000487969	IKBKB	TCACTCTGCATCGTATCCGTTGCT	No	0	0	0	0	0	0	0	0	0	0	0	0	0	0	0	0	0	0	0	0
TRCN0000477990	IKBKB	GGTACCTCTGAAAACAACGAACAT	No	0	0	0	0	0	0	0	0	0	0	0	0	0	0	0	0	0	0	0	0
BRDN0000561804	IKBKB	AGTTAGTCTAAGGCACCAGATTCG	No	0	0	0	0	0	0	0	0	0	0	0	0	0	0	0	0	0	0	0	0
TRCN0000473301	IL20RB	CGTTATCTTAGAATGTCACTAGAT	No	0	0	0	0	0	0	0	0	0	0	0	0	0	0	0	0	0	0	0	0
TRCN0000487749	IL20RB	GAACACGTGAAATTCCCTACACAA	No	0	0	0	0	0	0	0	0	0	0	0	0	0	0	0	0	0	0	0	0
TRCN0000488207	IL20RB	AACCTCTAGTATGCGATATCCTCG	No	0	0	0	0	0	0	0	0	0	0	0	0	0	0	0	0	0	0	0	0
TRCN0000475400	IL20RB	CCGAGTGGCTCTACGTGCTAGACC	No	0	0	0	0	0	0	0	0	0	0	0	0	0	0	0	0	0	0	0	0
TRCN0000471047	IL20RB	TCAATTAGTCTTACGAATAATTAC	No	0	0	0	0	0	0	0	0	0	0	0	0	0	0	0	0	0	0	0	0
BRDN0001051946	CLPB	GGGCCCTCACTTACGGGAATAGTT	No	0	0	0	0	0	0	0	0	0	0	0	0	0	0	0	0	0	0	0	0
TRCN0000466443	EPHX4	ACGAAGTCACGAAAACGCAACGCC	No	0	0	0	0	0	0	0	0	0	0	0	0	0	0	0	0	0	0	0	0
BRDN0001052043	EPHX4	AACTTTTAACCTTCTGGGTGAACT	No	0	0	0	0	0	0	0	0	0	0	0	0	0	0	0	0	0	0	0	0
TRCN0000471596	CXCR3	CCGACAGCTACCCATCCATCTATC	No	0	0	0	0	0	0	0	0	0	0	0	0	0	0	0	0	0	0	0	0
TRCN0000488456	CXCR3	TGTAGTATTGGCATTCATGGAATT	No	0	0	0	0	0	0	0	0	0	0	0	0	0	0	0	0	0	0	0	0
TRCN0000489379	CXCR3	GACTAATACCCTACGGTTAGTGGA	No	0	0	0	0	0	0	0	0	0	0	0	0	0	0	0	0	0	0	0	0
TRCN0000488919	CXCR3	GAGGAATCACCAGCCGTCCTAATG	No	0	0	0	0	0	0	0	0	0	0	0	0	0	0	0	0	0	0	0	0
TRCN0000477429	HCAR1	CAATACTCTGTCGCTATCAATAGC	No	0	0	0	0	0	0	0	0	0	0	0	0	0	0	0	0	0	0	0	0
TRCN0000489708	HCAR1	CATTATCATCCTACTGCATAGTTC	No	0	0	0	0	0	0	0	0	0	0	0	0	0	0	0	0	0	0	0	0
TRCN0000473361	GPAT4	ACCTTTTTGTAGGTAGTGAGGGCA	No	0	0	0	0	0	0	0	0	0	0	0	0	0	0	0	0	0	0	0	0
TRCN0000472138	MKRN3	CACTATAGCTTGACTATCTACCGT	No	0	0	0	0	0	0	0	0	0	0	0	0	0	0	0	0	0	0	0	0
TRCN0000465647	MKRN3	CCAGCAATTCATGAAATTGACCTA	No	0	0	0	0	0	0	0	0	0	0	0	0	0	0	0	0	0	0	0	0
TRCN0000465440	CSTA	GCGCTGAGTGGGCAGAGTTCCATA	No	0	0	0	0	0	0	0	0	0	0	0	0	0	0	0	0	0	0	0	0
TRCN0000466174	EEF2KMT	GGAGAGATGACCTTCCATCATCTG	No	0	0	0	0	0	0	0	0	0	0	0	0	0	0	0	0	0	0	0	0
TRCN0000472288	ZNF556	GTTTCAGGACCACAATAAGCCCTC	No	0	0	0	0	0	0	0	0	0	0	0	0	0	0	0	0	0	0	0	0
BRDN0000989758	ZNF556	TAACCCCTATGATGGCTACGACGA	No	0	0	0	0	0	0	0	0	0	0	0	0	0	0	0	0	0	0	0	0
TRCN0000488842	DAP	GCATTGGCATGCGCTGTCGGGTTC	No	0	0	0	0	0	0	0	0	0	0	0	0	0	0	0	0	0	0	0	0
TRCN0000489534	DAP	AGCCACTTTTCAATCACTGCGGCG	No	0	0	0	0	0	0	0	0	0	0	0	0	0	0	0	0	0	0	0	0
TRCN0000479280	CAPN9	AAACCTGTAGTTTTCCCTACCCAA	No	0	0	0	0	0	0	0	0	0	0	0	0	0	0	0	0	0	0	0	0
TRCN0000479323	SLC28A2	GGCTCCTCGACCCTCTAACCGCAC	No	0	0	0	0	0	0	0	0	0	0	0	0	0	0	0	0	0	0	0	0
TRCN0000470383	ELF5	GCAAAGGTCACAGATGCCTCTAAT	No	0	0	0	0	0	0	0	0	0	0	0	0	0	0	0	0	0	0	0	0
TRCN0000479935	CHST4	CTAACCTAAAAATTACGGTACTTT	No	0	0	0	0	0	0	0	0	0	0	0	0	0	0	0	0	0	0	0	0
TRCN0000478515	TBXAS1	TCCGACATCCTCCTGTGCTGAACA	No	0	0	0	0	0	0	0	0	0	0	0	0	0	0	0	0	0	0	0	0
TRCN0000479205	IRAK3	TAGCTCCAAACCTGATAATAGTAT	No	0	0	0	0	0	0	0	0	0	0	0	0	0	0	0	0	0	0	0	0
TRCN0000491433	IRAK3	GCACACCCCTGGTCATCGCATCAA	No	0	0	0	0	0	0	0	0	0	0	0	0	0	0	0	0	0	0	0	0
TRCN0000473196	TRIM29	CAGCTATGAAGGTGAAAAGCCAGT	No	0	0	0	0	0	0	0	0	0	0	0	0	0	0	0	0	0	0	0	0
TRCN0000474209	AGT	GCATACACCGCATGCCTCAACTTA	No	0	0	0	0	0	0	0	0	0	0	0	0	0	0	0	0	0	0	0	0
TRCN0000466213	TMEM71	TTGAAGAAATGTACTAGGCACCAT	No	0	0	0	0	0	0	0	0	0	0	0	0	0	0	0	0	0	0	0	0
TRCN0000480557	PADI3	TACCGAACACCAAGCTGTTATAAA	No	0	0	0	0	0	0	0	0	0	0	0	0	0	0	0	0	0	0	0	0
TRCN0000479847	SGK2	TTTAAATTCGCCGCAACCCGCGAT	No	0	0	0	0	0	0	0	0	0	0	0	0	0	0	0	0	0	0	0	0
TRCN0000476396	PF4	GTTTTCATATGTACCGAAACAATT	No	0	0	0	0	0	0	0	0	0	0	0	0	0	0	0	0	0	0	0	0
TRCN0000467835	IL2RG	CTCTATCAGAGAGTAAATTAGTCA	No	0	0	0	0	0	0	0	0	0	0	0	0	0	0	0	0	0	0	0	0
TRCN0000474770	CADPS	CTTAATCAGTAGCTTACGTGGCTC	No	0	0	0	0	0	0	0	0	0	0	0	0	0	0	0	0	0	0	0	0
TRCN0000472605	CADPS	AGTAATGACTTTTAGGTGGCCGAA	No	0	0	0	0	0	0	0	0	0	0	0	0	0	0	0	0	0	0	0	0
TRCN0000470754	NSUN2	CTGATTGGGGCAGAAAACGAGTCA	No	0	0	0	0	0	0	0	0	0	0	0	0	0	0	0	0	0	0	0	0
TRCN0000473929	CFI	TTGGGTCCACCCGTTTGTTTTTAA	No	0	0	0	0	0	0	0	0	0	0	0	0	0	0	0	0	0	0	0	0
TRCN0000467649	SRPX2	CACGGAAATAGTTATTGATATTAT	No	0	0	0	0	0	0	0	0	0	0	0	0	0	0	0	0	0	0	0	0
TRCN0000479594	TMEM171	AGATACCGAAATCTCCTACCTTCA	No	0	0	0	0	0	0	0	0	0	0	0	0	0	0	0	0	0	0	0	0
TRCN0000491543	IL23A	CATACATAGATGGGAGACGGGTAC	No	0	0	0	0	0	0	0	0	0	0	0	0	0	0	0	0	0	0	0	0
TRCN0000489914	IL23A	ACTCAATTGCTCTGAGTTGTTTGC	No	0	0	0	0	0	0	0	0	0	0	0	0	0	0	0	0	0	0	0	0
TRCN0000474852	IL23A	ATAATTCGTACTGGCTGAAGCTCA	No	0	0	0	0	0	0	0	0	0	0	0	0	0	0	0	0	0	0	0	0
TRCN0000468991	PMPCB	TAAGCCGTTGCAGTTCGATATCGT	No	0	0	0	0	0	0	0	0	0	0	0	0	0	0	0	0	0	0	0	0
TRCN0000471049	BEX2	TCGCGCAACCTAAGCTTCGGCTCT	No	0	0	0	0	0	0	0	0	0	0	0	0	0	0	0	0	0	0	0	0
TRCN0000465667	FAM127B	GGTGTCTAATCGGGGCTCTAGGGC	No	0	0	0	0	0	0	0	0	0	0	0	0	0	0	0	0	0	0	0	0
TRCN0000468712	ST3GAL4	TGGTCCGGTGATTACACGGAGTCC	No	0	0	0	0	0	0	0	0	0	0	0	0	0	0	0	0	0	0	0	0
TRCN0000481159	BEX1	CCGCTCAATCGCGTTAATGGCTGC	No	0	0	0	0	0	0	0	0	0	0	0	0	0	0	0	0	0	0	0	0
TRCN0000470113	BATF	TTGAAAACTTTCTATAACAAAATA	No	0	0	0	0	0	0	0	0	0	0	0	0	0	0	0	0	0	0	0	0
TRCN0000473555	KRTAP5-9	AATCGCAAATACTACCTAGATCGT	No	0	0	0	0	0	0	0	0	0	0	0	0	0	0	0	0	0	0	0	0
TRCN0000480620	KLHL9	CGGATATTAATTAGCAACCTAAAC	No	0	0	0	0	0	0	0	0	0	0	0	0	0	0	0	0	0	0	0	0
TRCN0000491823	DAPP1	CAATCCAGATACCGGCCCTCTAGG	No	0	0	0	0	0	0	0	0	0	0	0	0	0	0	0	0	0	0	0	0
TRCN0000470822	BST2	AGCTCGCGCGTTAGCCTTTAAAAG	No	0	0	0	0	0	0	0	0	0	0	0	0	0	0	0	0	0	0	0	0
TRCN0000475440	KRTAP5-6	ACCAAGCTTTGGTAAGATGTTTGA	No	0	0	0	0	0	0	0	0	0	0	0	0	0	0	0	0	0	0	0	0
TRCN0000470157	FAM127C	GCCGGTAGGCGTGTGCACGGCCCG	No	0	0	0	0	0	0	0	0	0	0	0	0	0	0	0	0	0	0	0	0
TRCN0000469651	GJB5	AGAGTTAGATGAGTGCGTACGCCC	No	0	0	0	0	0	0	0	0	0	0	0	0	0	0	0	0	0	0	0	0
TRCN0000478110	TMPRSS3	AAAACCCTTACACCGGTATCAACT	No	0	0	0	0	0	0	0	0	0	0	0	0	0	0	0	0	0	0	0	0
TRCN0000471392	MET	ACGGTCGACCTTTCGGTGCTTCCT	No	0	0	0	0	0	0	0	0	0	0	0	0	0	0	0	0	0	0	0	0
TRCN0000478941	RAB6B	CGCCTGTGGTATCCAGTCTTTGCT	No	0	0	0	0	0	0	0	0	0	0	0	0	0	0	0	0	0	0	0	0
TRCN0000467478	TNNC1	ACTCGGTACCATACATTACAAACG	No	0	0	0	0	0	0	0	0	0	0	0	0	0	0	0	0	0	0	0	0
TRCN0000477859	DPY19L2P4	TCGCCTAGCCGTATGAGCCGAAAT	No	0	0	0	0	0	0	0	0	0	0	0	0	0	0	0	0	0	0	0	0
TRCN0000467384	AIM2	CAAGGAGGGGCGCGTAATGTTACA	No	0	0	0	0	0	0	0	0	0	0	0	0	0	0	0	0	0	0	0	0
TRCN0000468417	FAM127A	CTTTGCCTCGTGATCTTTACCCCT	No	0	0	0	0	0	0	0	0	0	0	0	0	0	0	0	0	0	0	0	0
TRCN0000477131	C2	CATACACCTCACTTATGATTTCAA	No	0	0	0	0	0	0	0	0	0	0	0	0	0	0	0	0	0	0	0	0
TRCN0000469486	RAP1A	TGTTACCAGGTTATACAGAGCGCG	No	0	0	0	0	0	0	0	0	0	0	0	0	0	0	0	0	0	0	0	0
TRCN0000468562	LRG1	TTCTAATTCAATTTACGGTATACG	No	0	0	0	0	0	0	0	0	0	0	0	0	0	0	0	0	0	0	0	0
TRCN0000478506	AVIL	ACACGAGAGACGTAACAAGATACC	No	0	0	0	0	0	0	0	0	0	0	0	0	0	0	0	0	0	0	0	0
TRCN0000466814	ADCK4	AATGAAACCGCCTAAAGTGCATTC	No	0	0	0	0	0	0	0	0	0	0	0	0	0	0	0	0	0	0	0	0
TRCN0000475602	PRKRIR	GGCGGTGTTCCCAGCTCGGCCGTG	No	0	0	0	0	0	0	0	0	0	0	0	0	0	0	0	0	0	0	0	0
TRCN0000491845	GABRA6	TAGATACCCGGTCTCTAGAACCTC	No	0	0	0	0	0	0	0	0	0	0	0	0	0	0	0	0	0	0	0	0
BRDN0000552874	GABRA6	TTGAGGTTCCACCAGCCTTTTCTC	No	0	0	0	0	0	0	0	0	0	0	0	0	0	0	0	0	0	0	0	0
TRCN0000465582	AKT2	CAAAGCGCTGTATGATGGCGTGGG	No	0	0	0	0	0	0	0	0	0	0	0	0	0	0	0	0	0	0	0	0
TRCN0000474256	CGA	ACGACTCGGCGATACTTCCACAAC	No	0	0	0	0	0	0	0	0	0	0	0	0	0	0	0	0	0	0	0	0
TRCN0000474348	CYP17A1	CTCCGTGCTCATTAAGAGACCTCA	No	0	0	0	0	0	0	0	0	0	0	0	0	0	0	0	0	0	0	0	0
TRCN0000467498	MLN	CCTCGACGATCTGCGTACGAATCA	No	0	0	0	0	0	0	0	0	0	0	0	0	0	0	0	0	0	0	0	0
TRCN0000471567	TTC29	ATGCAAACGTCTATAATAAGTCAA	No	0	0	0	0	0	0	0	0	0	0	0	0	0	0	0	0	0	0	0	0
TRCN0000470087	FAM71B	CCTATGCCCTTAATTAAAAAAGTT	No	0	0	0	0	0	0	0	0	0	0	0	0	0	0	0	0	0	0	0	0
TRCN0000488553	AKT2	GACATAAACATAGCTAACAAAGGT	No	0	0	0	0	0	0	0	0	0	0	0	0	0	0	0	0	0	0	0	0
BRDN0000552885	GABRA6	AGTTCCCTTACCTTCGAGGTTTAG	No	0	0	0	0	0	0	0	0	0	0	0	0	0	0	0	0	0	0	0	0
TRCN0000474512	TRIM48	GGGAGGGCCCAAAGGTCCATTTTA	No	0	0	0	0	0	0	0	0	0	0	0	0	0	0	0	0	0	0	0	0
TRCN0000492225	USP32	TATACGCCTCCTCACCATAAATTC	No	0	0	0	0	0	0	0	0	0	0	0	0	0	0	0	0	0	0	0	0
TRCN0000467699	ADCK4	CCCAGTTAATACGCCCTTATGCGG	No	0	0	0	0	0	0	0	0	0	0	0	0	0	0	0	0	0	0	0	0
TRCN0000488903	AKT2	TTGCCCCAATCACATTTTCGGAAA	No	0	0	0	0	0	0	0	0	0	0	0	0	0	0	0	0	0	0	0	0
TRCN0000489868	AKT2	CTATGATACTTTATCATCGTTCTT	No	0	0	0	0	0	0	0	0	0	0	0	0	0	0	0	0	0	0	0	0
TRCN0000468639	DLK1	AGCACTCAGAAACATCAACCTCAC	No	0	0	0	0	0	0	0	0	0	0	0	0	0	0	0	0	0	0	0	0
TRCN0000473747	FAM71B	CCCTTAAAATATGCGGTCTGTGTA	No	0	0	0	0	0	0	0	0	0	0	0	0	0	0	0	0	0	0	0	0
BRDN0000553040	GABRA6	TCGCTATCTGTGCGCTGGCTTACT	No	0	0	0	0	0	0	0	0	0	0	0	0	0	0	0	0	0	0	0	0
TRCN0000477196	URI1	TTAATAACCAAAATTCCCTTCCCA	No	0	0	0	0	0	0	0	0	0	0	0	0	0	0	0	0	0	0	0	0
TRCN0000469428	PCSK1	AAATCATTGCACGAGACTATGGAA	No	0	0	0	0	0	0	0	0	0	0	0	0	0	0	0	0	0	0	0	0
TRCN0000465360	ECH1	AGACAGAAGGTACACGGATGGCGA	No	0	0	0	0	0	0	0	0	0	0	0	0	0	0	0	0	0	0	0	0
TRCN0000472432	LGALS14	TACCCGTAGACAACACAAGATCTC	No	0	0	0	0	0	0	0	0	0	0	0	0	0	0	0	0	0	0	0	0
TRCN0000491842	ADCK4	AGAGTGTCAGTTAACGTCCTGACA	No	0	0	0	0	0	0	0	0	0	0	0	0	0	0	0	0	0	0	0	0
TRCN0000465683	ADCK4	ACTTACTGTGCAGACAAGGGAAAC	No	0	0	0	0	0	0	0	0	0	0	0	0	0	0	0	0	0	0	0	0
TRCN0000465899	LHX8	GAGAGTTCGCTCAGAAAAATCGGC	No	0	0	0	0	0	0	0	0	0	0	0	0	0	0	0	0	0	0	0	0
TRCN0000467911	CCKBR	ACTGGCAAGCTCCACCCTGCATCA	No	0	0	0	0	0	0	0	0	0	0	0	0	0	0	0	0	0	0	0	0
TRCN0000474241	MYL1	ACCGATGTATTTAAGCAACTGCCA	No	0	0	0	0	0	0	0	0	0	0	0	0	0	0	0	0	0	0	0	0
TRCN0000473304	C19orf47	CTTGCCTGACGGCTTACTTCGTGG	No	0	0	0	0	0	0	0	0	0	0	0	0	0	0	0	0	0	0	0	0
TRCN0000470858	GKN1	CTCCGCGCCGCGATTTTAATGAAC	No	0	0	0	0	0	0	0	0	0	0	0	0	0	0	0	0	0	0	0	0
TRCN0000478527	FGG	GTAGAATATCTGATCGAGGATTGA	No	0	0	0	0	0	0	0	0	0	0	0	0	0	0	0	0	0	0	0	0
TRCN0000467823	GMFG	ACCATTGCCACGGCAAATGTGACC	No	0	0	0	0	0	0	0	0	0	0	0	0	0	0	0	0	0	0	0	0
BRDN0000989975	VMP1	AGTCAAAAGTAATGGGTGGGTGCG	No	0	0	0	0	0	0	0	0	0	0	0	0	0	0	0	0	0	0	0	0
TRCN0000468854	LGALS13	TCACTACCTGCCACTGTTACGATT	No	0	0	0	0	0	0	0	0	0	0	0	0	0	0	0	0	0	0	0	0
TRCN0000489791	CCKBR	GGGGCTCAAACATGTTCATGTGAC	No	0	0	0	0	0	0	0	0	0	0	0	0	0	0	0	0	0	0	0	0
TRCN0000469709	ADAM32	TGGGGTACGGAGATATGGTCGTCT	No	0	0	0	0	0	0	0	0	0	0	0	0	0	0	0	0	0	0	0	0
TRCN0000472746	CALCB	TCCGCATGATTTCGGGCGTTATCG	No	0	0	0	0	0	0	0	0	0	0	0	0	0	0	0	0	0	0	0	0
TRCN0000489736	CCKBR	CATATCTTAGGAAGGAATTCTCAA	No	0	0	0	0	0	0	0	0	0	0	0	0	0	0	0	0	0	0	0	0
TRCN0000472825	VMP1	TAACTTTTCGTTTCAACGCGCCAG	No	0	0	0	0	0	0	0	0	0	0	0	0	0	0	0	0	0	0	0	0
TRCN0000470733	PPM1D	GCACCCTTTGAAGTATTCGGAGAT	No	0	0	0	0	0	0	0	0	0	0	0	0	0	0	0	0	0	0	0	0
TRCN0000475566	PPM1E	CTAACCTAATGTCGGTTCTATATT	No	0	0	0	0	0	0	0	0	0	0	0	0	0	0	0	0	0	0	0	0
TRCN0000479674	SCGB2A2	TAGACATCTCAGCAACCCGGAGCA	No	0	0	0	0	0	0	0	0	0	0	0	0	0	0	0	0	0	0	0	0
TRCN0000478065	GABRG2	TTAATCTACTGCCGCTTGACGACA	No	0	0	0	0	0	0	0	0	0	0	0	0	0	0	0	0	0	0	0	0
TRCN0000467764	PPM1D	TTATAGCCTGCACTGATGGCTACC	No	0	0	0	0	0	0	0	0	0	0	0	0	0	0	0	0	0	0	0	0
TRCN0000478369	TRIM60	TTAGGGGCCGGTGTACAACAAAAC	No	0	0	0	0	0	0	0	0	0	0	0	0	0	0	0	0	0	0	0	0
TRCN0000488854	CALCA	TTTAGGGTCGCCAATCTAACCCTT	No	0	0	0	0	0	0	0	0	0	0	0	0	0	0	0	0	0	0	0	0
TRCN0000478970	CHIA	GGCATATGTCCTGACATCTGGCAG	No	0	0	0	0	0	0	0	0	0	0	0	0	0	0	0	0	0	0	0	0
TRCN0000477640	OR51M1	TGGTAGGAGGGCACCCGGGTATTG	No	0	0	0	0	0	0	0	0	0	0	0	0	0	0	0	0	0	0	0	0
TRCN0000476598	TH	GTCACGCCCGCACCAATGCAGTTC	No	0	0	0	0	0	0	0	0	0	0	0	0	0	0	0	0	0	0	0	0
TRCN0000472485	SNRPA	CATAAGTCTCGATTACTCCGGTCG	No	0	0	0	0	0	0	0	0	0	0	0	0	0	0	0	0	0	0	0	0
TRCN0000473763	CSN3	GCGATCGGTAATAGCTCCCTTCGT	No	0	0	0	0	0	0	0	0	0	0	0	0	0	0	0	0	0	0	0	0
TRCN0000473959	SCG3	TCGTACCCCAACGACGCCCACATG	No	0	0	0	0	0	0	0	0	0	0	0	0	0	0	0	0	0	0	0	0
TRCN0000468059	C19orf47	GCCCTATACCGAAGATCCTGGTTA	No	0	0	0	0	0	0	0	0	0	0	0	0	0	0	0	0	0	0	0	0
TRCN0000475105	ACER3	ACGGTCACAATAGTTTCCTGTTGG	No	0	0	0	0	0	0	0	0	0	0	0	0	0	0	0	0	0	0	0	0
TRCN0000491484	SFTPB	CGGCAAAACTTGTCTCCGGTATCT	No	0	0	0	0	0	0	0	0	0	0	0	0	0	0	0	0	0	0	0	0
TRCN0000465543	STAR	GATCAGGACCTTAGTTCCATGCAC	No	0	0	0	0	0	0	0	0	0	0	0	0	0	0	0	0	0	0	0	0
TRCN0000480173	VTN	CTCGTCAAGTCCAGATGCTGACTC	No	0	0	0	0	0	0	0	0	0	0	0	0	0	0	0	0	0	0	0	0
TRCN0000480587	LGALS7B	CAGCCCAAGATAGGCAGGCGCATT	No	0	0	0	0	0	0	0	0	0	0	0	0	0	0	0	0	0	0	0	0
TRCN0000466141	CHRNA9	GTACTTAGTCCGCCGTTTAACTCA	No	0	0	0	0	0	0	0	0	0	0	0	0	0	0	0	0	0	0	0	0
TRCN0000478101	GAGE4	CATCGACAATAGGTAGTCAAACGT	No	0	0	0	0	0	0	0	0	0	0	0	0	0	0	0	0	0	0	0	0
TRCN0000492170	ADGRA2	GAGTTACTAGGCCCCGACTTGTTA	No	0	0	0	0	0	0	0	0	0	0	0	0	0	0	0	0	0	0	0	0
TRCN0000468841	SPACA1	AATTCAACTGCACTCTAAGTGTAC	No	0	0	0	0	0	0	0	0	0	0	0	0	0	0	0	0	0	0	0	0
TRCN0000491792	FBXO17	GAGGTACCACATCTCCATCGTGGA	No	0	0	0	0	0	0	0	0	0	0	0	0	0	0	0	0	0	0	0	0
TRCN0000487724	CALCR	TGATACTAGCCGTCTCTTTTCCAG	No	0	0	0	0	0	0	0	0	0	0	0	0	0	0	0	0	0	0	0	0
TRCN0000471710	GAGE5	CGGCTTATCACCGACTTTCCCGAT	No	0	0	0	0	0	0	0	0	0	0	0	0	0	0	0	0	0	0	0	0
TRCN0000470220	INS	GTGTTCCGCACACAATCCACAATC	No	0	0	0	0	0	0	0	0	0	0	0	0	0	0	0	0	0	0	0	0
TRCN0000491558	TNP1	TGCAATAGGCCTATGCTGTGCTTG	No	0	0	0	0	0	0	0	0	0	0	0	0	0	0	0	0	0	0	0	0
TRCN0000476525	SCGB1D2	TTATCTTAACTTATATACTTTGCC	No	0	0	0	0	0	0	0	0	0	0	0	0	0	0	0	0	0	0	0	0
TRCN0000466195	COX7B2	TACCCTATTAGCATTCAATTGTTA	No	0	0	0	0	0	0	0	0	0	0	0	0	0	0	0	0	0	0	0	0
TRCN0000480649	UGT2B7	GTATCCTGATATGCGTTGCTGGGC	No	0	0	0	0	0	0	0	0	0	0	0	0	0	0	0	0	0	0	0	0
TRCN0000478856	TPH1	CCAACAACGACGCTCCTGAGAGAC	No	0	0	0	0	0	0	0	0	0	0	0	0	0	0	0	0	0	0	0	0
TRCN0000476292	TMPRSS11B	CAATTCCAACTTTTTCCCTGACTC	No	0	0	0	0	0	0	0	0	0	0	0	0	0	0	0	0	0	0	0	0
TRCN0000470332	GC	TTCATTACCACAGTTTCAGATATC	No	0	0	0	0	0	0	0	0	0	0	0	0	0	0	0	0	0	0	0	0
TRCN0000476834	ZNF705D	TTCCGTGTTATCTCATCCTCCAAT	No	0	0	0	0	0	0	0	0	0	0	0	0	0	0	0	0	0	0	0	0
TRCN0000465950	PRR11	TCCCAACCTTTAAGGGGCCAACAC	No	0	0	0	0	0	0	0	0	0	0	0	0	0	0	0	0	0	0	0	0
TRCN0000467570	GAGE12B	TATCCGGGAATCACCCTTACCCAG	No	0	0	0	0	0	0	0	0	0	0	0	0	0	0	0	0	0	0	0	0
TRCN0000471029	UGT2B4	ATGCGTCAATATGTCCGATAACAC	No	0	0	0	0	0	0	0	0	0	0	0	0	0	0	0	0	0	0	0	0
TRCN0000471499	DCPS	CAATAATTTAATCTCGTCGAGATC	No	0	0	0	0	0	0	0	0	0	0	0	0	0	0	0	0	0	0	0	0
TRCN0000471668	PANX1	GTAGGTTGTCCTTCGAACCCCACG	No	0	0	0	0	0	0	0	0	0	0	0	0	0	0	0	0	0	0	0	0
TRCN0000476302	IMPA2	TTCCCCTCTGTATCACCCTATCTA	No	0	0	0	0	0	0	0	0	0	0	0	0	0	0	0	0	0	0	0	0
TRCN0000466334	MMP10	TCCTCCAGAACTTACTGAGGACAC	No	0	0	0	0	0	0	0	0	0	0	0	0	0	0	0	0	0	0	0	0
TRCN0000473257	GSTP1	CCAGAGGACCTAGAGCAGGACAAC	No	0	0	0	0	0	0	0	0	0	0	0	0	0	0	0	0	0	0	0	0
TRCN0000478543	MMP7	TCGCGGCATGTCGTACCGTTGTGA	No	0	0	0	0	0	0	0	0	0	0	0	0	0	0	0	0	0	0	0	0
TRCN0000491675	ADRA2C	TCGCCCAAGTATGTTTCTCGCGGT	No	0	0	0	0	0	0	0	0	0	0	0	0	0	0	0	0	0	0	0	0
TRCN0000478641	MAP2	CGCTTCTGCGATGCTCAGGACAGG	No	0	0	0	0	0	0	0	0	0	0	0	0	0	0	0	0	0	0	0	0
TRCN0000467598	PDGFB	CACACCATAGTACTACCGGCTATC	No	0	0	0	0	0	0	0	0	0	0	0	0	0	0	0	0	0	0	0	0
TRCN0000472882	LLPH	CCGGACAGCTTTTGCCGCCCGCCG	No	0	0	0	0	0	0	0	0	0	0	0	0	0	0	0	0	0	0	0	0
TRCN0000478180	MMP14	TAGCGATTAGACACCCCTGCACTG	No	0	0	0	0	0	0	0	0	0	0	0	0	0	0	0	0	0	0	0	0
TRCN0000470713	GBA2	CTTGGCCGTTCTAAGGAAAACGCG	No	0	0	0	0	0	0	0	0	0	0	0	0	0	0	0	0	0	0	0	0
TRCN0000492048	PLGRKT	AGCTAATAAACATTTGAACCATAA	No	0	0	0	0	0	0	0	0	0	0	0	0	0	0	0	0	0	0	0	0
